-0.10661399
-0.06945963
-0.05710670
-0.00966707
-0.11424626
-0.01910910
-0.00556669
-0.02114114
-0.01574702
-0.02516236
0.02444077
-0.02205659
-0.02630109
-0.00670567
-0.11648646
0.03122426
-0.04537396
-0.03150100
0.02124219
0.01919846
-0.07048655
-0.03830360
-0.08103992
0.02797479
0.05553147
-0.05029179
0.03565867
-0.04540123
-0.01926618
0.02010720
0.07725111
-0.01140265
0.00227122
0.04752184
0.05185205
0.05857361
0.01500987
-0.03723070
-0.04904935
0.04618346
-0.01116736
-0.00604704
-0.07746807
0.04895728
-0.02287960
0.01450893
-0.03802767
-0.08448149
-0.03258292
-0.08557414
0.01089438
-0.12767839
-0.06341165
-0.09504872
0.04246410
-0.07231218
0.07998218
-0.03664365
-0.03321379
-0.06979319
-0.02219503
-0.02910293
-0.00779357
0.02181944
