0.000000
0.000000
0.000000
0.000000
0.000000
0.000000
0.000000
2.577661
4.081984
6.108645
7.093563
5.153729
6.743411
0.000000
1.320020
0.000000
2.385327
3.162878
0.000000
0.000000
0.000000
0.000000
0.000000
0.000000
0.000000
0.000000
0.000000
0.000000
0.000000
0.000000
0.000000
0.000000
4.000335
0.000000
0.000000
0.000000
0.000000
0.000000
0.000000
0.000000
0.000000
0.000000
8.355904
0.000000
0.000000
0.000000
0.000000
2.550750
0.000000
0.000000
0.000000
0.000000
0.000000
0.000000
0.000000
0.000000
3.299572
6.344625
0.000000
0.000000
3.548134
0.000000
0.000000
3.135310
0.000000
0.000000
0.000000
0.000000
5.193121
0.000000
0.000000
0.000000
0.000000
5.807110
0.000000
0.000000
0.000000
0.000000
2.116633
0.000000
0.000000
0.000000
0.000000
0.000000
0.000000
4.558926
0.000000
0.000000
0.000000
0.000000
0.000000
4.202648
0.000000
0.000000
0.000000
1.872804
0.000000
8.391143
7.172159
0.000000
3.516799
0.000000
0.000000
0.000000
3.097233
2.114463
0.000000
0.000000
0.000000
0.000000
3.477283
0.693227
7.619465
2.324474
4.836877
3.691854
0.000000
0.015616
0.000000
0.000000
3.355553
0.650397
0.000000
0.000000
2.620874
0.000000
0.000000
3.233739
